%   0.330315   -0.934824   -1.824041    1.342783    8.243843    0.587162    0.041469    0.259758     10.7315      2.6916
%   0.14570 1.7989E+00 2.3655E+01
% DE,DS,Phase,SunLat,ELat,ELHA,Mags
% 0.5690 1.1719  60.0 -30.2 -14.0  -63.2 15.17 12.19  6.39  4.61
% 0.4650 1.1083  66.4 -24.5  -7.6  -67.5 14.76 11.72  5.92  4.15
% 0.2532 1.1052  58.5 -36.8 -54.5   85.8 12.39  9.27  4.07  2.48
/wvl [
  0.550  0.578  0.608  0.639  0.671  0.705  0.741  0.779  0.819  0.861  0.905
  0.951  0.999  1.050  1.104  1.160  1.219  1.281  1.347  1.415  1.488  1.563
  1.643  1.727  1.815  1.908  2.005  2.107  2.215  2.328  2.446  2.571  2.702
  2.840  2.985  3.137  3.297  3.465  3.642  3.828  4.023  4.228  4.444  4.671
  4.909  5.159  5.422  5.699  5.990  6.295  6.616  6.954  7.308  7.681  8.073
  8.485  8.917  9.372  9.850 10.353 10.881 11.436 12.019 12.632 13.276 13.954
 14.665 15.413 16.200 17.026 17.894 18.807 19.766 20.774 21.834 22.948 24.118
 25.348 26.641 28.000
] def
1 0 0 SRGB
  3.353  0.073 2.092E-13 QQ
  4.603  0.054 1.397E-12 QQ
/ft [
 1.692E-12
 1.735E-12
 1.762E-12
 1.772E-12
 1.767E-12
 1.747E-12
 1.714E-12
 1.670E-12
 1.615E-12
 1.552E-12
 1.483E-12
 1.408E-12
 1.331E-12
 1.251E-12
 1.170E-12
 1.090E-12
 1.011E-12
 9.338E-13
 8.595E-13
 7.885E-13
 7.210E-13
 6.573E-13
 5.975E-13
 5.417E-13
 4.899E-13
 4.420E-13
 3.980E-13
 3.576E-13
 3.208E-13
 2.875E-13
 2.576E-13
 2.315E-13
 2.096E-13
 1.928E-13
 1.829E-13
 1.828E-13
 1.968E-13
 2.305E-13
 2.923E-13
 3.932E-13
 5.465E-13
 7.676E-13
 1.073E-12
 1.482E-12
 2.011E-12
 2.677E-12
 3.490E-12
 4.460E-12
 5.587E-12
 6.865E-12
 8.280E-12
 9.810E-12
 1.143E-11
 1.309E-11
 1.477E-11
 1.642E-11
 1.800E-11
 1.947E-11
 2.079E-11
 2.193E-11
 2.288E-11
 2.360E-11
 2.410E-11
 2.438E-11
 2.443E-11
 2.427E-11
 2.391E-11
 2.337E-11
 2.269E-11
 2.187E-11
 2.094E-11
 1.993E-11
 1.886E-11
 1.775E-11
 1.662E-11
 1.549E-11
 1.437E-11
 1.327E-11
 1.221E-11
 1.119E-11
] def doit
0 0.7 0 SRGB
  3.353  0.092 2.711E-13 QQ
  4.603  0.132 1.909E-12 QQ
/ft [
 2.369E-12
 2.429E-12
 2.466E-12
 2.481E-12
 2.473E-12
 2.446E-12
 2.400E-12
 2.338E-12
 2.261E-12
 2.173E-12
 2.076E-12
 1.972E-12
 1.863E-12
 1.751E-12
 1.638E-12
 1.525E-12
 1.415E-12
 1.307E-12
 1.203E-12
 1.104E-12
 1.009E-12
 9.201E-13
 8.364E-13
 7.583E-13
 6.858E-13
 6.188E-13
 5.571E-13
 5.006E-13
 4.491E-13
 4.025E-13
 3.608E-13
 3.243E-13
 2.939E-13
 2.710E-13
 2.584E-13
 2.605E-13
 2.837E-13
 3.371E-13
 4.335E-13
 5.901E-13
 8.274E-13
 1.169E-12
 1.642E-12
 2.274E-12
 3.093E-12
 4.122E-12
 5.381E-12
 6.881E-12
 8.624E-12
 1.060E-11
 1.278E-11
 1.515E-11
 1.764E-11
 2.021E-11
 2.279E-11
 2.533E-11
 2.775E-11
 3.000E-11
 3.202E-11
 3.376E-11
 3.519E-11
 3.629E-11
 3.704E-11
 3.743E-11
 3.749E-11
 3.722E-11
 3.665E-11
 3.580E-11
 3.473E-11
 3.345E-11
 3.202E-11
 3.045E-11
 2.880E-11
 2.709E-11
 2.535E-11
 2.362E-11
 2.190E-11
 2.022E-11
 1.859E-11
 1.703E-11
] def doit
0 0 1 SRGB
  3.353  0.063 2.453E-12 QQ
  4.603  0.063 2.049E-11 QQ
/ft [
 1.001E-11
 1.026E-11
 1.042E-11
 1.048E-11
 1.045E-11
 1.033E-11
 1.014E-11
 9.876E-12
 9.554E-12
 9.182E-12
 8.771E-12
 8.330E-12
 7.870E-12
 7.397E-12
 6.920E-12
 6.445E-12
 5.978E-12
 5.523E-12
 5.084E-12
 4.664E-12
 4.265E-12
 3.888E-12
 3.534E-12
 3.204E-12
 2.898E-12
 2.615E-12
 2.355E-12
 2.119E-12
 1.906E-12
 1.718E-12
 1.561E-12
 1.442E-12
 1.375E-12
 1.385E-12
 1.506E-12
 1.788E-12
 2.302E-12
 3.135E-12
 4.398E-12
 6.224E-12
 8.762E-12
 1.216E-11
 1.658E-11
 2.216E-11
 2.900E-11
 3.717E-11
 4.668E-11
 5.749E-11
 6.946E-11
 8.242E-11
 9.611E-11
 1.102E-10
 1.244E-10
 1.384E-10
 1.517E-10
 1.641E-10
 1.751E-10
 1.847E-10
 1.925E-10
 1.985E-10
 2.025E-10
 2.045E-10
 2.047E-10
 2.031E-10
 1.998E-10
 1.951E-10
 1.890E-10
 1.819E-10
 1.739E-10
 1.653E-10
 1.561E-10
 1.467E-10
 1.371E-10
 1.276E-10
 1.182E-10
 1.090E-10
 1.001E-10
 9.163E-11
 8.356E-11
 7.596E-11
] def doit
