%   5.048470   -0.576008   -1.631881    1.785408    7.582343   -0.171342   -0.562895    0.421102     52.8647     45.3859
%   0.17301 8.4253E-01 9.7979E+00
% DE,DS,Phase,SunLat,ELat,ELHA,Mags
% 0.4319 1.2342  49.3  -4.3  45.0    1.5 16.18 13.99  7.84  5.92
% 0.3970 1.0781  69.0  -5.2  58.4  -33.3 16.17 13.71  7.64  5.73
% 1.0810 1.5729  39.8 -65.5 -26.6   13.8 17.97 15.22  9.68  7.91
% 0.5695 1.2119  53.9  11.0 -35.3   29.1 16.80 14.43  8.40  6.51
/wvl [
  0.550  0.578  0.608  0.639  0.671  0.705  0.741  0.779  0.819  0.861  0.905
  0.951  0.999  1.050  1.104  1.160  1.219  1.281  1.347  1.415  1.488  1.563
  1.643  1.727  1.815  1.908  2.005  2.107  2.215  2.328  2.446  2.571  2.702
  2.840  2.985  3.137  3.297  3.465  3.642  3.828  4.023  4.228  4.444  4.671
  4.909  5.159  5.422  5.699  5.990  6.295  6.616  6.954  7.308  7.681  8.073
  8.485  8.917  9.372  9.850 10.353 10.881 11.436 12.019 12.632 13.276 13.954
 14.665 15.413 16.200 17.026 17.894 18.807 19.766 20.774 21.834 22.948 24.118
 25.348 26.641 28.000
] def
1 0 0 SRGB
  3.353  0.141 7.987E-14 QQ
  4.603  0.161 2.637E-13 QQ
/ft [
 9.164E-13
 9.438E-13
 9.624E-13
 9.724E-13
 9.738E-13
 9.672E-13
 9.532E-13
 9.325E-13
 9.060E-13
 8.746E-13
 8.392E-13
 8.005E-13
 7.596E-13
 7.172E-13
 6.739E-13
 6.304E-13
 5.873E-13
 5.450E-13
 5.039E-13
 4.643E-13
 4.264E-13
 3.904E-13
 3.565E-13
 3.246E-13
 2.949E-13
 2.672E-13
 2.416E-13
 2.180E-13
 1.964E-13
 1.766E-13
 1.585E-13
 1.422E-13
 1.276E-13
 1.148E-13
 1.039E-13
 9.526E-14
 8.958E-14
 8.749E-14
 9.038E-14
 1.008E-13
 1.213E-13
 1.551E-13
 2.062E-13
 2.789E-13
 3.779E-13
 5.077E-13
 6.727E-13
 8.764E-13
 1.121E-12
 1.408E-12
 1.735E-12
 2.100E-12
 2.499E-12
 2.922E-12
 3.363E-12
 3.812E-12
 4.257E-12
 4.688E-12
 5.094E-12
 5.466E-12
 5.794E-12
 6.072E-12
 6.294E-12
 6.458E-12
 6.561E-12
 6.604E-12
 6.590E-12
 6.521E-12
 6.402E-12
 6.240E-12
 6.038E-12
 5.805E-12
 5.546E-12
 5.268E-12
 4.976E-12
 4.676E-12
 4.372E-12
 4.069E-12
 3.771E-12
 3.480E-12
] def doit
0 0.7 0 SRGB
  3.353  0.351 1.031E-13 QQ
  4.603  0.161 3.329E-13 QQ
/ft [
 8.318E-13
 8.567E-13
 8.736E-13
 8.826E-13
 8.839E-13
 8.779E-13
 8.652E-13
 8.464E-13
 8.224E-13
 7.939E-13
 7.617E-13
 7.266E-13
 6.895E-13
 6.510E-13
 6.117E-13
 5.722E-13
 5.331E-13
 4.947E-13
 4.574E-13
 4.214E-13
 3.870E-13
 3.544E-13
 3.236E-13
 2.947E-13
 2.677E-13
 2.426E-13
 2.193E-13
 1.979E-13
 1.783E-13
 1.603E-13
 1.440E-13
 1.293E-13
 1.163E-13
 1.052E-13
 9.610E-14
 8.974E-14
 8.699E-14
 8.892E-14
 9.740E-14
 1.155E-13
 1.466E-13
 1.947E-13
 2.645E-13
 3.613E-13
 4.904E-13
 6.573E-13
 8.666E-13
 1.122E-12
 1.426E-12
 1.779E-12
 2.179E-12
 2.623E-12
 3.102E-12
 3.610E-12
 4.135E-12
 4.666E-12
 5.191E-12
 5.696E-12
 6.169E-12
 6.600E-12
 6.978E-12
 7.295E-12
 7.546E-12
 7.727E-12
 7.838E-12
 7.878E-12
 7.850E-12
 7.759E-12
 7.610E-12
 7.410E-12
 7.165E-12
 6.884E-12
 6.573E-12
 6.241E-12
 5.892E-12
 5.535E-12
 5.174E-12
 4.814E-12
 4.460E-12
 4.115E-12
] def doit
0 0 1 SRGB
  3.353  0.092 1.818E-13 QQ
  4.603  0.082 1.027E-12 QQ
/ft [
 1.149E-13
 1.183E-13
 1.207E-13
 1.219E-13
 1.221E-13
 1.212E-13
 1.195E-13
 1.169E-13
 1.136E-13
 1.096E-13
 1.052E-13
 1.004E-13
 9.522E-14
 8.990E-14
 8.448E-14
 7.903E-14
 7.362E-14
 6.832E-14
 6.316E-14
 5.820E-14
 5.345E-14
 4.894E-14
 4.469E-14
 4.069E-14
 3.697E-14
 3.350E-14
 3.030E-14
 2.735E-14
 2.465E-14
 2.220E-14
 2.000E-14
 1.808E-14
 1.647E-14
 1.525E-14
 1.453E-14
 1.450E-14
 1.542E-14
 1.761E-14
 2.152E-14
 2.780E-14
 3.710E-14
 5.020E-14
 6.790E-14
 9.099E-14
 1.202E-13
 1.562E-13
 1.992E-13
 2.495E-13
 3.069E-13
 3.709E-13
 4.405E-13
 5.147E-13
 5.919E-13
 6.705E-13
 7.487E-13
 8.246E-13
 8.964E-13
 9.625E-13
 1.021E-12
 1.072E-12
 1.112E-12
 1.143E-12
 1.163E-12
 1.173E-12
 1.173E-12
 1.163E-12
 1.145E-12
 1.118E-12
 1.085E-12
 1.046E-12
 1.002E-12
 9.537E-13
 9.032E-13
 8.509E-13
 7.976E-13
 7.443E-13
 6.915E-13
 6.397E-13
 5.896E-13
 5.414E-13
] def doit
0 setgray
  3.353  0.400 3.876E-14 QQ
  4.603  0.102 1.797E-13 QQ
/ft [
 4.855E-13
 5.000E-13
 5.098E-13
 5.151E-13
 5.159E-13
 5.124E-13
 5.049E-13
 4.940E-13
 4.800E-13
 4.633E-13
 4.445E-13
 4.241E-13
 4.024E-13
 3.799E-13
 3.570E-13
 3.339E-13
 3.111E-13
 2.887E-13
 2.669E-13
 2.459E-13
 2.259E-13
 2.068E-13
 1.888E-13
 1.720E-13
 1.562E-13
 1.416E-13
 1.280E-13
 1.155E-13
 1.040E-13
 9.356E-14
 8.403E-14
 7.543E-14
 6.778E-14
 6.114E-14
 5.566E-14
 5.162E-14
 4.947E-14
 4.974E-14
 5.339E-14
 6.203E-14
 7.738E-14
 1.015E-13
 1.369E-13
 1.862E-13
 2.523E-13
 3.378E-13
 4.451E-13
 5.761E-13
 7.318E-13
 9.122E-13
 1.116E-12
 1.342E-12
 1.585E-12
 1.841E-12
 2.105E-12
 2.371E-12
 2.631E-12
 2.881E-12
 3.113E-12
 3.322E-12
 3.504E-12
 3.654E-12
 3.770E-12
 3.852E-12
 3.897E-12
 3.908E-12
 3.885E-12
 3.832E-12
 3.750E-12
 3.644E-12
 3.517E-12
 3.373E-12
 3.216E-12
 3.048E-12
 2.874E-12
 2.696E-12
 2.517E-12
 2.339E-12
 2.165E-12
 1.995E-12
] def doit
