%   5.294774    0.950584   -1.538815    1.154383    3.484363   -0.446393   -0.064783    0.395510   -2.696724   -0.125991     13.5010      9.4754
% 2(abc)=   1.080x   0.542x   0.448 km
%   0.18777 6.3993E-01 2.2632E-01
% DE,DS,SunLat,ELat,ELHA,Mags,Amps
% 0.3656 1.1214  -9.3  16.9  -59.1 15.26 12.56  7.83  6.22  1.22 1.58 1.40 1.18
% 0.9132 1.4416 -29.8 -42.3  -51.5 17.23 14.39  9.30  7.67  0.47 0.64 0.52 0.44
/wvl [
  0.550  0.578  0.608  0.639  0.671  0.705  0.741  0.779  0.819  0.861  0.905
  0.951  0.999  1.050  1.104  1.160  1.219  1.281  1.347  1.415  1.488  1.563
  1.643  1.727  1.815  1.908  2.005  2.107  2.215  2.328  2.446  2.571  2.702
  2.840  2.985  3.137  3.297  3.465  3.642  3.828  4.023  4.228  4.444  4.671
  4.909  5.159  5.422  5.699  5.990  6.295  6.616  6.954  7.308  7.681  8.073
  8.485  8.917  9.372  9.850 10.353 10.881 11.436 12.019 12.632 13.276 13.954
 14.665 15.413 16.200 17.026 17.894 18.807 19.766 20.774 21.834 22.948 24.118
 25.348 26.641 28.000
] def
1 0 0 SRGB
  3.353  0.092 1.799E-13 QQ
  4.603  0.082 1.060E-12 QQ
/ft [
 7.697E-13
 7.921E-13
 8.072E-13
 8.149E-13
 8.156E-13
 8.095E-13
 7.972E-13
 7.794E-13
 7.567E-13
 7.300E-13
 6.999E-13
 6.672E-13
 6.326E-13
 5.969E-13
 5.604E-13
 5.239E-13
 4.877E-13
 4.523E-13
 4.179E-13
 3.848E-13
 3.531E-13
 3.231E-13
 2.948E-13
 2.683E-13
 2.436E-13
 2.207E-13
 1.997E-13
 1.805E-13
 1.633E-13
 1.483E-13
 1.359E-13
 1.266E-13
 1.216E-13
 1.221E-13
 1.300E-13
 1.477E-13
 1.784E-13
 2.254E-13
 2.926E-13
 3.847E-13
 5.060E-13
 6.601E-13
 8.503E-13
 1.078E-12
 1.345E-12
 1.648E-12
 1.986E-12
 2.354E-12
 2.746E-12
 3.154E-12
 3.570E-12
 3.985E-12
 4.389E-12
 4.773E-12
 5.129E-12
 5.449E-12
 5.727E-12
 5.957E-12
 6.137E-12
 6.265E-12
 6.340E-12
 6.363E-12
 6.337E-12
 6.264E-12
 6.150E-12
 5.998E-12
 5.814E-12
 5.602E-12
 5.369E-12
 5.119E-12
 4.856E-12
 4.586E-12
 4.312E-12
 4.038E-12
 3.766E-12
 3.499E-12
 3.239E-12
 2.988E-12
 2.748E-12
 2.519E-12
] def doit
0 0.7 0 SRGB
  3.353  0.400 3.612E-14 QQ
  4.603  0.102 1.866E-13 QQ
/ft [
 1.545E-13
 1.590E-13
 1.621E-13
 1.636E-13
 1.638E-13
 1.625E-13
 1.601E-13
 1.565E-13
 1.519E-13
 1.466E-13
 1.405E-13
 1.340E-13
 1.270E-13
 1.198E-13
 1.125E-13
 1.052E-13
 9.793E-14
 9.082E-14
 8.391E-14
 7.726E-14
 7.091E-14
 6.488E-14
 5.920E-14
 5.387E-14
 4.890E-14
 4.429E-14
 4.004E-14
 3.614E-14
 3.261E-14
 2.945E-14
 2.672E-14
 2.448E-14
 2.289E-14
 2.215E-14
 2.257E-14
 2.460E-14
 2.883E-14
 3.595E-14
 4.686E-14
 6.266E-14
 8.448E-14
 1.135E-13
 1.507E-13
 1.972E-13
 2.535E-13
 3.201E-13
 3.968E-13
 4.831E-13
 5.779E-13
 6.797E-13
 7.866E-13
 8.964E-13
 1.007E-12
 1.114E-12
 1.218E-12
 1.313E-12
 1.400E-12
 1.475E-12
 1.537E-12
 1.585E-12
 1.619E-12
 1.639E-12
 1.644E-12
 1.635E-12
 1.614E-12
 1.581E-12
 1.538E-12
 1.486E-12
 1.426E-12
 1.361E-12
 1.291E-12
 1.219E-12
 1.145E-12
 1.070E-12
 9.959E-13
 9.228E-13
 8.518E-13
 7.832E-13
 7.177E-13
 6.553E-13
] def doit
