%   0.076575   -1.000500   -0.203391    4.865766    4.861719   -0.478113    1.702495    1.016742     44.8931     25.4048
%   0.52848 6.1995E-01 1.3839E-01
% DE,DS,Phase,SunLat,ELat,ELHA,Mags
% 0.2297 1.0160  75.4  25.0  35.3  -89.4 13.71 11.62  6.96  5.32
/wvl [
  0.550  0.578  0.608  0.639  0.671  0.705  0.741  0.779  0.819  0.861  0.905
  0.951  0.999  1.050  1.104  1.160  1.219  1.281  1.347  1.415  1.488  1.563
  1.643  1.727  1.815  1.908  2.005  2.107  2.215  2.328  2.446  2.571  2.702
  2.840  2.985  3.137  3.297  3.465  3.642  3.828  4.023  4.228  4.444  4.671
  4.909  5.159  5.422  5.699  5.990  6.295  6.616  6.954  7.308  7.681  8.073
  8.485  8.917  9.372  9.850 10.353 10.881 11.436 12.019 12.632 13.276 13.954
 14.665 15.413 16.200 17.026 17.894 18.807 19.766 20.774 21.834 22.948 24.118
 25.348 26.641 28.000
] def
  3.353  0.082 6.220E-13 QQ
  4.603  0.036 2.878E-12 QQ
/ft [
 3.806E-12
 3.984E-12
 4.130E-12
 4.241E-12
 4.317E-12
 4.358E-12
 4.365E-12
 4.341E-12
 4.286E-12
 4.206E-12
 4.101E-12
 3.977E-12
 3.835E-12
 3.680E-12
 3.515E-12
 3.342E-12
 3.164E-12
 2.985E-12
 2.805E-12
 2.627E-12
 2.452E-12
 2.282E-12
 2.118E-12
 1.960E-12
 1.810E-12
 1.667E-12
 1.533E-12
 1.407E-12
 1.290E-12
 1.182E-12
 1.084E-12
 9.978E-13
 9.251E-13
 8.687E-13
 8.325E-13
 8.218E-13
 8.429E-13
 8.978E-13
 9.939E-13
 1.150E-12
 1.375E-12
 1.676E-12
 2.060E-12
 2.531E-12
 3.088E-12
 3.729E-12
 4.447E-12
 5.233E-12
 6.073E-12
 6.951E-12
 7.849E-12
 8.746E-12
 9.624E-12
 1.046E-11
 1.124E-11
 1.195E-11
 1.257E-11
 1.309E-11
 1.350E-11
 1.381E-11
 1.400E-11
 1.408E-11
 1.405E-11
 1.392E-11
 1.371E-11
 1.340E-11
 1.303E-11
 1.259E-11
 1.210E-11
 1.157E-11
 1.102E-11
 1.044E-11
 9.844E-12
 9.248E-12
 8.654E-12
 8.067E-12
 7.492E-12
 6.934E-12
 6.396E-12
 5.880E-12
] def doit
