%   6.097637    0.644526   -1.327727    1.403239    6.353859   -0.208518   -0.165037    0.545484      7.4447      1.0712
%   0.22527 8.1179E-01 3.4743E+00
% DE,DS,Phase,SunLat,ELat,ELHA,Mags
% 0.4307 1.0968  66.3  32.1 -20.8   41.8 15.62 12.99  7.65  5.94
% 1.2799 1.6965  36.3  38.5  20.1  -36.4 18.62 16.78 10.47  8.48
/wvl [
  0.550  0.578  0.608  0.639  0.671  0.705  0.741  0.779  0.819  0.861  0.905
  0.951  0.999  1.050  1.104  1.160  1.219  1.281  1.347  1.415  1.488  1.563
  1.643  1.727  1.815  1.908  2.005  2.107  2.215  2.328  2.446  2.571  2.702
  2.840  2.985  3.137  3.297  3.465  3.642  3.828  4.023  4.228  4.444  4.671
  4.909  5.159  5.422  5.699  5.990  6.295  6.616  6.954  7.308  7.681  8.073
  8.485  8.917  9.372  9.850 10.353 10.881 11.436 12.019 12.632 13.276 13.954
 14.665 15.413 16.200 17.026 17.894 18.807 19.766 20.774 21.834 22.948 24.118
 25.348 26.641 28.000
] def
1 0 0 SRGB
  3.353  0.073 1.381E-13 QQ
  4.603  0.045 6.597E-13 QQ
/ft [
 8.905E-13
 9.202E-13
 9.416E-13
 9.545E-13
 9.592E-13
 9.559E-13
 9.453E-13
 9.279E-13
 9.046E-13
 8.762E-13
 8.436E-13
 8.075E-13
 7.688E-13
 7.283E-13
 6.867E-13
 6.446E-13
 6.025E-13
 5.610E-13
 5.205E-13
 4.812E-13
 4.434E-13
 4.074E-13
 3.733E-13
 3.411E-13
 3.109E-13
 2.827E-13
 2.565E-13
 2.324E-13
 2.102E-13
 1.900E-13
 1.719E-13
 1.560E-13
 1.428E-13
 1.329E-13
 1.274E-13
 1.275E-13
 1.356E-13
 1.537E-13
 1.853E-13
 2.353E-13
 3.083E-13
 4.092E-13
 5.434E-13
 7.155E-13
 9.297E-13
 1.189E-12
 1.494E-12
 1.846E-12
 2.241E-12
 2.674E-12
 3.139E-12
 3.627E-12
 4.128E-12
 4.630E-12
 5.121E-12
 5.591E-12
 6.027E-12
 6.419E-12
 6.759E-12
 7.041E-12
 7.260E-12
 7.412E-12
 7.498E-12
 7.518E-12
 7.476E-12
 7.376E-12
 7.223E-12
 7.023E-12
 6.784E-12
 6.511E-12
 6.212E-12
 5.894E-12
 5.562E-12
 5.223E-12
 4.881E-12
 4.541E-12
 4.207E-12
 3.882E-12
 3.569E-12
 3.269E-12
] def doit
0 0.7 0 SRGB
  3.353  0.590 2.512E-14 QQ
  4.603  0.410 2.294E-14 QQ
 11.561  0.082 5.437E-13 QQ
 22.088  0.331 4.850E-13 QQ
/ft [
 9.313E-14
 9.624E-14
 9.847E-14
 9.983E-14
 1.003E-13
 9.998E-14
 9.886E-14
 9.705E-14
 9.461E-14
 9.164E-14
 8.823E-14
 8.445E-14
 8.041E-14
 7.617E-14
 7.182E-14
 6.741E-14
 6.302E-14
 5.868E-14
 5.443E-14
 5.033E-14
 4.638E-14
 4.261E-14
 3.904E-14
 3.567E-14
 3.251E-14
 2.956E-14
 2.682E-14
 2.429E-14
 2.195E-14
 1.980E-14
 1.783E-14
 1.604E-14
 1.442E-14
 1.297E-14
 1.171E-14
 1.064E-14
 9.805E-15
 9.232E-15
 9.008E-15
 9.357E-15
 1.047E-14
 1.260E-14
 1.604E-14
 2.116E-14
 2.836E-14
 3.805E-14
 5.065E-14
 6.651E-14
 8.593E-14
 1.091E-13
 1.360E-13
 1.665E-13
 2.004E-13
 2.370E-13
 2.758E-13
 3.158E-13
 3.563E-13
 3.963E-13
 4.346E-13
 4.705E-13
 5.030E-13
 5.315E-13
 5.552E-13
 5.738E-13
 5.870E-13
 5.948E-13
 5.972E-13
 5.944E-13
 5.868E-13
 5.749E-13
 5.591E-13
 5.399E-13
 5.181E-13
 4.941E-13
 4.684E-13
 4.417E-13
 4.144E-13
 3.869E-13
 3.596E-13
 3.327E-13
] def doit
