%   2.084043    1.183818   -1.065896    1.406836    7.936778   -0.158389    0.392014    0.320238   -3.850453    0.715567     47.9840     41.1849
% 2(abc)=   1.682x   0.639x   0.578 km
%   0.28010 8.5352E-01 1.7093E+01
% DE,DS,SunLat,ELat,ELHA,Mags,Amps
% 0.5178 1.1066 -22.2  19.0   48.8 16.00 13.91  8.25  6.44  0.82 1.23 1.13 1.05
% 0.6093 1.2619 -25.9 -11.0  -50.9 16.34 14.18  8.28  6.33  0.76 0.65 0.69 0.69
% 0.3748 1.1038  17.4  69.1  -62.3 14.92 12.54  6.73  4.95  0.05 0.08 0.06 0.05
% 0.7955 1.3191 -24.0  -1.8  -44.3 17.05 15.17  9.08  7.06  0.86 0.85 0.82 0.74
/wvl [
  0.550  0.578  0.608  0.639  0.671  0.705  0.741  0.779  0.819  0.861  0.905
  0.951  0.999  1.050  1.104  1.160  1.219  1.281  1.347  1.415  1.488  1.563
  1.643  1.727  1.815  1.908  2.005  2.107  2.215  2.328  2.446  2.571  2.702
  2.840  2.985  3.137  3.297  3.465  3.642  3.828  4.023  4.228  4.444  4.671
  4.909  5.159  5.422  5.699  5.990  6.295  6.616  6.954  7.308  7.681  8.073
  8.485  8.917  9.372  9.850 10.353 10.881 11.436 12.019 12.632 13.276 13.954
 14.665 15.413 16.200 17.026 17.894 18.807 19.766 20.774 21.834 22.948 24.118
 25.348 26.641 28.000
] def
1 0 0 SRGB
  3.353  0.054 1.041E-13 QQ
  4.603  0.036 2.794E-13 QQ
/ft [
 1.151E-12
 1.182E-12
 1.202E-12
 1.211E-12
 1.209E-12
 1.198E-12
 1.177E-12
 1.149E-12
 1.113E-12
 1.071E-12
 1.025E-12
 9.753E-13
 9.229E-13
 8.689E-13
 8.142E-13
 7.596E-13
 7.057E-13
 6.531E-13
 6.021E-13
 5.533E-13
 5.068E-13
 4.627E-13
 4.214E-13
 3.826E-13
 3.466E-13
 3.133E-13
 2.825E-13
 2.542E-13
 2.283E-13
 2.048E-13
 1.834E-13
 1.642E-13
 1.472E-13
 1.324E-13
 1.200E-13
 1.106E-13
 1.048E-13
 1.034E-13
 1.078E-13
 1.202E-13
 1.430E-13
 1.788E-13
 2.306E-13
 3.015E-13
 3.943E-13
 5.117E-13
 6.557E-13
 8.274E-13
 1.027E-12
 1.253E-12
 1.503E-12
 1.773E-12
 2.058E-12
 2.352E-12
 2.648E-12
 2.940E-12
 3.219E-12
 3.480E-12
 3.716E-12
 3.921E-12
 4.093E-12
 4.227E-12
 4.321E-12
 4.377E-12
 4.393E-12
 4.373E-12
 4.318E-12
 4.231E-12
 4.116E-12
 3.977E-12
 3.819E-12
 3.645E-12
 3.459E-12
 3.265E-12
 3.066E-12
 2.866E-12
 2.666E-12
 2.470E-12
 2.279E-12
 2.095E-12
] def doit
0 0.7 0 SRGB
  3.353  0.251 1.012E-13 QQ
  4.603  0.102 2.364E-13 QQ
/ft [
 8.603E-13
 8.835E-13
 8.985E-13
 9.053E-13
 9.041E-13
 8.955E-13
 8.801E-13
 8.587E-13
 8.320E-13
 8.009E-13
 7.663E-13
 7.291E-13
 6.899E-13
 6.495E-13
 6.087E-13
 5.678E-13
 5.275E-13
 4.882E-13
 4.501E-13
 4.136E-13
 3.788E-13
 3.459E-13
 3.150E-13
 2.860E-13
 2.591E-13
 2.342E-13
 2.112E-13
 1.900E-13
 1.707E-13
 1.530E-13
 1.371E-13
 1.227E-13
 1.098E-13
 9.862E-14
 8.920E-14
 8.189E-14
 7.723E-14
 7.584E-14
 7.885E-14
 8.819E-14
 1.059E-13
 1.343E-13
 1.762E-13
 2.346E-13
 3.125E-13
 4.127E-13
 5.377E-13
 6.892E-13
 8.678E-13
 1.073E-12
 1.304E-12
 1.557E-12
 1.828E-12
 2.112E-12
 2.403E-12
 2.693E-12
 2.976E-12
 3.246E-12
 3.495E-12
 3.718E-12
 3.911E-12
 4.070E-12
 4.194E-12
 4.282E-12
 4.334E-12
 4.351E-12
 4.336E-12
 4.290E-12
 4.217E-12
 4.119E-12
 4.000E-12
 3.864E-12
 3.713E-12
 3.551E-12
 3.380E-12
 3.202E-12
 3.019E-12
 2.834E-12
 2.649E-12
 2.464E-12
] def doit
0 0 1 SRGB
  3.353  0.112 2.950E-13 QQ
  4.603  0.221 8.826E-13 QQ
/ft [
 2.924E-12
 3.003E-12
 3.054E-12
 3.077E-12
 3.073E-12
 3.044E-12
 2.991E-12
 2.918E-12
 2.828E-12
 2.722E-12
 2.605E-12
 2.478E-12
 2.345E-12
 2.208E-12
 2.069E-12
 1.930E-12
 1.793E-12
 1.659E-12
 1.530E-12
 1.406E-12
 1.287E-12
 1.176E-12
 1.070E-12
 9.721E-13
 8.806E-13
 7.958E-13
 7.176E-13
 6.458E-13
 5.801E-13
 5.203E-13
 4.661E-13
 4.175E-13
 3.745E-13
 3.376E-13
 3.077E-13
 2.864E-13
 2.766E-13
 2.815E-13
 3.064E-13
 3.601E-13
 4.515E-13
 5.918E-13
 7.932E-13
 1.069E-12
 1.432E-12
 1.895E-12
 2.468E-12
 3.156E-12
 3.962E-12
 4.881E-12
 5.905E-12
 7.018E-12
 8.199E-12
 9.422E-12
 1.066E-11
 1.188E-11
 1.305E-11
 1.414E-11
 1.513E-11
 1.599E-11
 1.670E-11
 1.725E-11
 1.764E-11
 1.785E-11
 1.790E-11
 1.779E-11
 1.754E-11
 1.715E-11
 1.665E-11
 1.605E-11
 1.537E-11
 1.462E-11
 1.383E-11
 1.302E-11
 1.218E-11
 1.135E-11
 1.052E-11
 9.718E-12
 8.937E-12
 8.187E-12
] def doit
0 setgray
  3.353  0.171 3.375E-14 QQ
  4.603  0.132 8.479E-14 QQ
 11.561  0.073 1.864E-12 QQ
 22.088  0.063 1.728E-12 QQ
/ft [
 4.792E-13
 4.921E-13
 5.005E-13
 5.043E-13
 5.036E-13
 4.988E-13
 4.902E-13
 4.783E-13
 4.634E-13
 4.461E-13
 4.269E-13
 4.061E-13
 3.843E-13
 3.618E-13
 3.390E-13
 3.163E-13
 2.938E-13
 2.719E-13
 2.507E-13
 2.304E-13
 2.110E-13
 1.927E-13
 1.754E-13
 1.593E-13
 1.443E-13
 1.304E-13
 1.176E-13
 1.058E-13
 9.506E-14
 8.523E-14
 7.630E-14
 6.824E-14
 6.100E-14
 5.459E-14
 4.904E-14
 4.446E-14
 4.101E-14
 3.888E-14
 3.849E-14
 4.066E-14
 4.618E-14
 5.606E-14
 7.148E-14
 9.380E-14
 1.244E-13
 1.647E-13
 2.159E-13
 2.791E-13
 3.549E-13
 4.435E-13
 5.446E-13
 6.574E-13
 7.803E-13
 9.113E-13
 1.048E-12
 1.187E-12
 1.326E-12
 1.461E-12
 1.590E-12
 1.709E-12
 1.815E-12
 1.908E-12
 1.985E-12
 2.045E-12
 2.088E-12
 2.114E-12
 2.124E-12
 2.117E-12
 2.096E-12
 2.061E-12
 2.014E-12
 1.956E-12
 1.890E-12
 1.816E-12
 1.737E-12
 1.652E-12
 1.564E-12
 1.473E-12
 1.381E-12
 1.289E-12
] def doit
