%   1.449955   -1.053914   -1.240025    0.915090    6.705887    0.117491    0.430115    0.191850    0.566400    0.184968      3.2991      0.8158
% 2(abc)=   1.275x   1.139x   0.979 km
%   0.24258 1.1247E+00 6.3900E+00
% DE,DS,SunLat,ELat,ELHA,Mags,Amps
% 0.2297 1.0160  -4.4   5.9  -74.8 14.05 11.43  5.56  3.76  0.11 0.12 0.12 0.12
/wvl [
  0.550  0.578  0.608  0.639  0.671  0.705  0.741  0.779  0.819  0.861  0.905
  0.951  0.999  1.050  1.104  1.160  1.219  1.281  1.347  1.415  1.488  1.563
  1.643  1.727  1.815  1.908  2.005  2.107  2.215  2.328  2.446  2.571  2.702
  2.840  2.985  3.137  3.297  3.465  3.642  3.828  4.023  4.228  4.444  4.671
  4.909  5.159  5.422  5.699  5.990  6.295  6.616  6.954  7.308  7.681  8.073
  8.485  8.917  9.372  9.850 10.353 10.881 11.436 12.019 12.632 13.276 13.954
 14.665 15.413 16.200 17.026 17.894 18.807 19.766 20.774 21.834 22.948 24.118
 25.348 26.641 28.000
] def
  3.353  0.082 5.971E-13 QQ
  4.603  0.036 2.732E-12 QQ
/ft [
 6.644E-12
 6.800E-12
 6.891E-12
 6.919E-12
 6.886E-12
 6.796E-12
 6.656E-12
 6.471E-12
 6.248E-12
 5.994E-12
 5.715E-12
 5.418E-12
 5.109E-12
 4.793E-12
 4.476E-12
 4.161E-12
 3.852E-12
 3.552E-12
 3.264E-12
 2.989E-12
 2.728E-12
 2.482E-12
 2.252E-12
 2.038E-12
 1.840E-12
 1.657E-12
 1.489E-12
 1.335E-12
 1.195E-12
 1.068E-12
 9.542E-13
 8.526E-13
 7.640E-13
 6.899E-13
 6.330E-13
 5.984E-13
 5.938E-13
 6.297E-13
 7.219E-13
 8.926E-13
 1.168E-12
 1.579E-12
 2.162E-12
 2.954E-12
 3.995E-12
 5.319E-12
 6.957E-12
 8.930E-12
 1.124E-11
 1.389E-11
 1.685E-11
 2.007E-11
 2.351E-11
 2.708E-11
 3.071E-11
 3.430E-11
 3.776E-11
 4.101E-11
 4.396E-11
 4.655E-11
 4.871E-11
 5.041E-11
 5.163E-11
 5.235E-11
 5.258E-11
 5.234E-11
 5.167E-11
 5.060E-11
 4.919E-11
 4.748E-11
 4.552E-11
 4.337E-11
 4.109E-11
 3.870E-11
 3.627E-11
 3.382E-11
 3.140E-11
 2.902E-11
 2.671E-11
 2.449E-11
] def doit
