%   3.289154   -0.484064   -1.362405    1.222566    4.584527   -0.466479   -0.012627    0.539216      6.7066      0.4247
%   0.21871 6.2721E-01 6.4836E-01
% DE,DS,Phase,SunLat,ELat,ELHA,Mags
% 0.3656 1.1214  64.0  -3.9 -64.1   29.8 15.28 12.51  7.55  5.91
% 0.9132 1.4416  42.8  81.1  45.3   73.1 17.20 14.37  9.39  7.82
/wvl [
  0.550  0.578  0.608  0.639  0.671  0.705  0.741  0.779  0.819  0.861  0.905
  0.951  0.999  1.050  1.104  1.160  1.219  1.281  1.347  1.415  1.488  1.563
  1.643  1.727  1.815  1.908  2.005  2.107  2.215  2.328  2.446  2.571  2.702
  2.840  2.985  3.137  3.297  3.465  3.642  3.828  4.023  4.228  4.444  4.671
  4.909  5.159  5.422  5.699  5.990  6.295  6.616  6.954  7.308  7.681  8.073
  8.485  8.917  9.372  9.850 10.353 10.881 11.436 12.019 12.632 13.276 13.954
 14.665 15.413 16.200 17.026 17.894 18.807 19.766 20.774 21.834 22.948 24.118
 25.348 26.641 28.000
] def
1 0 0 SRGB
  3.353  0.092 1.791E-13 QQ
  4.603  0.082 1.052E-12 QQ
/ft [
 7.331E-13
 7.575E-13
 7.749E-13
 7.855E-13
 7.892E-13
 7.863E-13
 7.775E-13
 7.631E-13
 7.438E-13
 7.203E-13
 6.933E-13
 6.636E-13
 6.317E-13
 5.983E-13
 5.640E-13
 5.293E-13
 4.947E-13
 4.606E-13
 4.272E-13
 3.949E-13
 3.638E-13
 3.342E-13
 3.062E-13
 2.797E-13
 2.549E-13
 2.318E-13
 2.105E-13
 1.909E-13
 1.731E-13
 1.574E-13
 1.440E-13
 1.336E-13
 1.271E-13
 1.257E-13
 1.314E-13
 1.469E-13
 1.752E-13
 2.202E-13
 2.863E-13
 3.794E-13
 5.049E-13
 6.680E-13
 8.734E-13
 1.125E-12
 1.424E-12
 1.773E-12
 2.168E-12
 2.606E-12
 3.082E-12
 3.587E-12
 4.113E-12
 4.647E-12
 5.179E-12
 5.697E-12
 6.188E-12
 6.642E-12
 7.050E-12
 7.403E-12
 7.695E-12
 7.921E-12
 8.079E-12
 8.168E-12
 8.190E-12
 8.146E-12
 8.041E-12
 7.881E-12
 7.671E-12
 7.419E-12
 7.130E-12
 6.814E-12
 6.475E-12
 6.122E-12
 5.759E-12
 5.392E-12
 5.027E-12
 4.666E-12
 4.314E-12
 3.974E-12
 3.647E-12
 3.336E-12
] def doit
0 0.7 0 SRGB
  3.353  0.400 3.610E-14 QQ
  4.603  0.102 1.873E-13 QQ
/ft [
 1.246E-13
 1.287E-13
 1.317E-13
 1.335E-13
 1.341E-13
 1.336E-13
 1.321E-13
 1.297E-13
 1.264E-13
 1.224E-13
 1.178E-13
 1.128E-13
 1.073E-13
 1.017E-13
 9.584E-14
 8.995E-14
 8.407E-14
 7.826E-14
 7.259E-14
 6.710E-14
 6.183E-14
 5.680E-14
 5.203E-14
 4.753E-14
 4.332E-14
 3.939E-14
 3.576E-14
 3.241E-14
 2.938E-14
 2.668E-14
 2.437E-14
 2.255E-14
 2.136E-14
 2.105E-14
 2.194E-14
 2.450E-14
 2.933E-14
 3.713E-14
 4.877E-14
 6.537E-14
 8.798E-14
 1.177E-13
 1.555E-13
 2.021E-13
 2.582E-13
 3.239E-13
 3.988E-13
 4.823E-13
 5.733E-13
 6.700E-13
 7.707E-13
 8.729E-13
 9.743E-13
 1.072E-12
 1.165E-12
 1.249E-12
 1.324E-12
 1.387E-12
 1.438E-12
 1.475E-12
 1.499E-12
 1.509E-12
 1.506E-12
 1.491E-12
 1.464E-12
 1.427E-12
 1.382E-12
 1.329E-12
 1.270E-12
 1.207E-12
 1.141E-12
 1.073E-12
 1.004E-12
 9.346E-13
 8.666E-13
 8.003E-13
 7.363E-13
 6.748E-13
 6.164E-13
 5.613E-13
] def doit
