%   0.096360   -0.926967   -1.535207    3.850147    7.610915    0.467989    0.816189    0.425644     15.1641      8.1382
%   0.18836 1.5968E+00 3.5930E+00
% DE,DS,Phase,SunLat,ELat,ELHA,Mags
% 0.2724 1.0548  69.9 -13.9  28.4   57.7 13.18 10.29  4.96  3.27
% 0.8292 1.3158  50.3  -5.7 -13.0  -50.5 16.26 13.98  7.76  5.85
% 0.6809 1.3195  48.1 -16.4  17.7   34.5 15.59 13.02  7.22  5.41
% 0.4320 1.0890  67.7   3.6 -26.6  -62.9 14.77 12.23  6.27  4.41
% 0.7864 1.4206  43.7 -12.9  25.7   21.0 16.11 13.83  7.77  5.87
% 0.1581 1.0784  62.1   4.0  58.8   38.0 12.02  9.25  3.80  2.07
% 0.4496 1.2326  51.7  -2.1  47.3   17.1 14.63 12.11  6.35  4.52
/wvl [
  0.550  0.578  0.608  0.639  0.671  0.705  0.741  0.779  0.819  0.861  0.905
  0.951  0.999  1.050  1.104  1.160  1.219  1.281  1.347  1.415  1.488  1.563
  1.643  1.727  1.815  1.908  2.005  2.107  2.215  2.328  2.446  2.571  2.702
  2.840  2.985  3.137  3.297  3.465  3.642  3.828  4.023  4.228  4.444  4.671
  4.909  5.159  5.422  5.699  5.990  6.295  6.616  6.954  7.308  7.681  8.073
  8.485  8.917  9.372  9.850 10.353 10.881 11.436 12.019 12.632 13.276 13.954
 14.665 15.413 16.200 17.026 17.894 18.807 19.766 20.774 21.834 22.948 24.118
 25.348 26.641 28.000
] def
1 0 0 SRGB
  3.353  0.045 1.321E-12 QQ
  4.603  0.054 7.428E-12 QQ
/ft [
 7.012E-12
 7.222E-12
 7.366E-12
 7.443E-12
 7.455E-12
 7.405E-12
 7.299E-12
 7.141E-12
 6.939E-12
 6.700E-12
 6.429E-12
 6.134E-12
 5.821E-12
 5.496E-12
 5.165E-12
 4.832E-12
 4.502E-12
 4.179E-12
 3.864E-12
 3.561E-12
 3.271E-12
 2.995E-12
 2.735E-12
 2.491E-12
 2.263E-12
 2.051E-12
 1.856E-12
 1.676E-12
 1.512E-12
 1.364E-12
 1.234E-12
 1.125E-12
 1.042E-12
 9.922E-13
 9.897E-13
 1.053E-12
 1.207E-12
 1.483E-12
 1.924E-12
 2.583E-12
 3.518E-12
 4.790E-12
 6.462E-12
 8.590E-12
 1.123E-11
 1.440E-11
 1.814E-11
 2.242E-11
 2.722E-11
 3.248E-11
 3.811E-11
 4.401E-11
 5.003E-11
 5.606E-11
 6.193E-11
 6.751E-11
 7.267E-11
 7.728E-11
 8.124E-11
 8.447E-11
 8.693E-11
 8.859E-11
 8.944E-11
 8.951E-11
 8.883E-11
 8.747E-11
 8.548E-11
 8.296E-11
 7.998E-11
 7.662E-11
 7.297E-11
 6.911E-11
 6.511E-11
 6.103E-11
 5.695E-11
 5.290E-11
 4.894E-11
 4.509E-11
 4.140E-11
 3.787E-11
] def doit
0 0.7 0 SRGB
  3.353  0.102 8.175E-14 QQ
  4.603  0.045 2.677E-13 QQ
/ft [
 8.339E-13
 8.589E-13
 8.759E-13
 8.851E-13
 8.865E-13
 8.806E-13
 8.680E-13
 8.492E-13
 8.252E-13
 7.967E-13
 7.645E-13
 7.294E-13
 6.922E-13
 6.536E-13
 6.142E-13
 5.747E-13
 5.354E-13
 4.969E-13
 4.595E-13
 4.234E-13
 3.889E-13
 3.562E-13
 3.253E-13
 2.962E-13
 2.691E-13
 2.439E-13
 2.206E-13
 1.991E-13
 1.793E-13
 1.613E-13
 1.448E-13
 1.299E-13
 1.167E-13
 1.050E-13
 9.517E-14
 8.755E-14
 8.276E-14
 8.152E-14
 8.522E-14
 9.640E-14
 1.177E-13
 1.525E-13
 2.048E-13
 2.791E-13
 3.806E-13
 5.143E-13
 6.851E-13
 8.971E-13
 1.153E-12
 1.455E-12
 1.802E-12
 2.191E-12
 2.617E-12
 3.073E-12
 3.550E-12
 4.037E-12
 4.522E-12
 4.993E-12
 5.438E-12
 5.847E-12
 6.208E-12
 6.514E-12
 6.760E-12
 6.940E-12
 7.054E-12
 7.102E-12
 7.086E-12
 7.010E-12
 6.880E-12
 6.700E-12
 6.479E-12
 6.223E-12
 5.939E-12
 5.634E-12
 5.315E-12
 4.987E-12
 4.656E-12
 4.327E-12
 4.003E-12
 3.689E-12
] def doit
0 0 1 SRGB
  3.353  0.161 1.304E-13 QQ
  4.603  0.054 6.112E-13 QQ
/ft [
 1.302E-12
 1.341E-12
 1.367E-12
 1.382E-12
 1.384E-12
 1.375E-12
 1.355E-12
 1.326E-12
 1.288E-12
 1.244E-12
 1.193E-12
 1.139E-12
 1.080E-12
 1.020E-12
 9.587E-13
 8.970E-13
 8.357E-13
 7.756E-13
 7.172E-13
 6.609E-13
 6.071E-13
 5.560E-13
 5.077E-13
 4.624E-13
 4.201E-13
 3.807E-13
 3.443E-13
 3.108E-13
 2.800E-13
 2.519E-13
 2.264E-13
 2.036E-13
 1.837E-13
 1.669E-13
 1.541E-13
 1.464E-13
 1.456E-13
 1.540E-13
 1.751E-13
 2.144E-13
 2.778E-13
 3.723E-13
 5.054E-13
 6.854E-13
 9.204E-13
 1.218E-12
 1.583E-12
 2.020E-12
 2.530E-12
 3.110E-12
 3.755E-12
 4.455E-12
 5.196E-12
 5.965E-12
 6.743E-12
 7.511E-12
 8.251E-12
 8.944E-12
 9.573E-12
 1.012E-11
 1.059E-11
 1.095E-11
 1.121E-11
 1.137E-11
 1.142E-11
 1.137E-11
 1.123E-11
 1.101E-11
 1.071E-11
 1.035E-11
 9.937E-12
 9.481E-12
 8.994E-12
 8.485E-12
 7.964E-12
 7.440E-12
 6.918E-12
 6.405E-12
 5.906E-12
 5.425E-12
] def doit
0 setgray
  3.353  0.092 2.969E-13 QQ
  4.603  0.132 1.150E-12 QQ
/ft [
 2.789E-12
 2.873E-12
 2.930E-12
 2.961E-12
 2.965E-12
 2.946E-12
 2.903E-12
 2.841E-12
 2.760E-12
 2.665E-12
 2.557E-12
 2.440E-12
 2.315E-12
 2.186E-12
 2.055E-12
 1.922E-12
 1.791E-12
 1.662E-12
 1.537E-12
 1.416E-12
 1.301E-12
 1.191E-12
 1.088E-12
 9.909E-13
 9.002E-13
 8.159E-13
 7.378E-13
 6.659E-13
 6.000E-13
 5.398E-13
 4.852E-13
 4.364E-13
 3.936E-13
 3.575E-13
 3.297E-13
 3.125E-13
 3.097E-13
 3.257E-13
 3.677E-13
 4.474E-13
 5.769E-13
 7.711E-13
 1.047E-12
 1.423E-12
 1.918E-12
 2.550E-12
 3.336E-12
 4.287E-12
 5.409E-12
 6.703E-12
 8.159E-12
 9.761E-12
 1.148E-11
 1.329E-11
 1.515E-11
 1.702E-11
 1.884E-11
 2.058E-11
 2.220E-11
 2.364E-11
 2.489E-11
 2.591E-11
 2.670E-11
 2.723E-11
 2.751E-11
 2.754E-11
 2.734E-11
 2.692E-11
 2.631E-11
 2.553E-11
 2.460E-11
 2.356E-11
 2.242E-11
 2.121E-11
 1.997E-11
 1.870E-11
 1.743E-11
 1.617E-11
 1.494E-11
 1.375E-11
] def doit
1 0 0 SRGB
  3.353  0.112 8.698E-14 QQ
  4.603  0.082 3.008E-13 QQ
/ft [
 9.421E-13
 9.704E-13
 9.897E-13
 1.000E-12
 1.002E-12
 9.950E-13
 9.807E-13
 9.595E-13
 9.324E-13
 9.002E-13
 8.638E-13
 8.241E-13
 7.821E-13
 7.385E-13
 6.940E-13
 6.493E-13
 6.050E-13
 5.615E-13
 5.192E-13
 4.784E-13
 4.395E-13
 4.024E-13
 3.675E-13
 3.347E-13
 3.041E-13
 2.756E-13
 2.492E-13
 2.249E-13
 2.026E-13
 1.822E-13
 1.636E-13
 1.469E-13
 1.319E-13
 1.188E-13
 1.079E-13
 9.957E-14
 9.459E-14
 9.380E-14
 9.886E-14
 1.126E-13
 1.380E-13
 1.788E-13
 2.392E-13
 3.240E-13
 4.382E-13
 5.867E-13
 7.739E-13
 1.003E-12
 1.277E-12
 1.595E-12
 1.955E-12
 2.355E-12
 2.787E-12
 3.245E-12
 3.717E-12
 4.194E-12
 4.664E-12
 5.114E-12
 5.536E-12
 5.917E-12
 6.250E-12
 6.527E-12
 6.744E-12
 6.897E-12
 6.987E-12
 7.014E-12
 6.981E-12
 6.891E-12
 6.751E-12
 6.566E-12
 6.343E-12
 6.087E-12
 5.807E-12
 5.508E-12
 5.196E-12
 4.877E-12
 4.556E-12
 4.237E-12
 3.923E-12
 3.618E-12
] def doit
0 0.7 0 SRGB
  3.353  0.073 3.704E-12 QQ
  4.603  0.054 2.002E-11 QQ
/ft [
 2.492E-11
 2.567E-11
 2.618E-11
 2.645E-11
 2.649E-11
 2.631E-11
 2.594E-11
 2.538E-11
 2.466E-11
 2.381E-11
 2.285E-11
 2.180E-11
 2.068E-11
 1.953E-11
 1.835E-11
 1.717E-11
 1.600E-11
 1.485E-11
 1.373E-11
 1.265E-11
 1.162E-11
 1.064E-11
 9.719E-12
 8.852E-12
 8.042E-12
 7.289E-12
 6.593E-12
 5.952E-12
 5.367E-12
 4.836E-12
 4.363E-12
 3.954E-12
 3.620E-12
 3.380E-12
 3.266E-12
 3.325E-12
 3.623E-12
 4.237E-12
 5.278E-12
 6.897E-12
 9.250E-12
 1.251E-11
 1.685E-11
 2.245E-11
 2.945E-11
 3.799E-11
 4.812E-11
 5.985E-11
 7.312E-11
 8.780E-11
 1.037E-10
 1.204E-10
 1.378E-10
 1.553E-10
 1.726E-10
 1.893E-10
 2.049E-10
 2.191E-10
 2.317E-10
 2.422E-10
 2.506E-10
 2.566E-10
 2.604E-10
 2.618E-10
 2.610E-10
 2.581E-10
 2.532E-10
 2.467E-10
 2.386E-10
 2.294E-10
 2.191E-10
 2.081E-10
 1.965E-10
 1.847E-10
 1.727E-10
 1.608E-10
 1.490E-10
 1.375E-10
 1.264E-10
 1.158E-10
] def doit
0 0 1 SRGB
  3.353  0.045 3.666E-13 QQ
  4.603  0.063 1.541E-12 QQ
/ft [
 3.119E-12
 3.213E-12
 3.277E-12
 3.311E-12
 3.316E-12
 3.294E-12
 3.247E-12
 3.177E-12
 3.087E-12
 2.980E-12
 2.860E-12
 2.729E-12
 2.589E-12
 2.445E-12
 2.298E-12
 2.150E-12
 2.003E-12
 1.859E-12
 1.719E-12
 1.584E-12
 1.455E-12
 1.332E-12
 1.217E-12
 1.108E-12
 1.007E-12
 9.124E-13
 8.252E-13
 7.448E-13
 6.710E-13
 6.037E-13
 5.428E-13
 4.883E-13
 4.407E-13
 4.009E-13
 3.705E-13
 3.525E-13
 3.510E-13
 3.712E-13
 4.211E-13
 5.131E-13
 6.604E-13
 8.781E-13
 1.183E-12
 1.592E-12
 2.124E-12
 2.792E-12
 3.610E-12
 4.583E-12
 5.715E-12
 6.997E-12
 8.418E-12
 9.957E-12
 1.159E-11
 1.327E-11
 1.498E-11
 1.666E-11
 1.829E-11
 1.982E-11
 2.121E-11
 2.243E-11
 2.346E-11
 2.428E-11
 2.488E-11
 2.525E-11
 2.539E-11
 2.532E-11
 2.505E-11
 2.459E-11
 2.396E-11
 2.319E-11
 2.230E-11
 2.131E-11
 2.025E-11
 1.913E-11
 1.799E-11
 1.683E-11
 1.567E-11
 1.453E-11
 1.342E-11
 1.235E-11
] def doit
