%   3.855639   -0.886756   -1.632032    3.850147    2.829370   -0.250640    2.740418    1.471368   -2.048124   -0.316192    116.0018     98.8496
% 2(abc)=   1.201x   0.698x   0.562 km
%   0.17298 7.7830E-01 3.0541E-02
% DE,DS,SunLat,ELat,ELHA,Mags,Amps
% 0.2724 1.0548  56.1  26.5   93.1 13.08 10.48  5.94  4.00  0.29 0.37 0.34 0.44
% 0.8292 1.3158 -26.0  18.8  -23.6 16.23 13.86  9.10  7.49  0.74 1.07 1.02 0.92
% 0.6809 1.3195  28.6   8.9   46.8 15.63 13.13  8.37  6.81  0.65 0.87 0.81 0.75
% 0.4320 1.0890 -51.2  -3.4  -57.8 14.42 11.88  7.43  5.91  0.60 0.71 0.69 0.63
% 0.7864 1.4206   1.2  -5.3   43.3 16.18 13.78  8.83  7.22  0.73 1.09 1.01 0.91
% 0.1581 1.0784 -52.2 -12.9   60.9 11.91  9.36  4.98  3.56  0.50 0.57 0.55 0.54
% 0.4496 1.2326 -36.5 -17.4   54.8 14.47 11.93  7.30  5.80  0.55 0.71 0.66 0.61
/wvl [
  0.550  0.578  0.608  0.639  0.671  0.705  0.741  0.779  0.819  0.861  0.905
  0.951  0.999  1.050  1.104  1.160  1.219  1.281  1.347  1.415  1.488  1.563
  1.643  1.727  1.815  1.908  2.005  2.107  2.215  2.328  2.446  2.571  2.702
  2.840  2.985  3.137  3.297  3.465  3.642  3.828  4.023  4.228  4.444  4.671
  4.909  5.159  5.422  5.699  5.990  6.295  6.616  6.954  7.308  7.681  8.073
  8.485  8.917  9.372  9.850 10.353 10.881 11.436 12.019 12.632 13.276 13.954
 14.665 15.413 16.200 17.026 17.894 18.807 19.766 20.774 21.834 22.948 24.118
 25.348 26.641 28.000
] def
1 0 0 SRGB
  3.353  0.045 1.366E-12 QQ
  4.603  0.054 7.678E-12 QQ
/ft [
 1.894E-12
 2.007E-12
 2.106E-12
 2.190E-12
 2.257E-12
 2.307E-12
 2.340E-12
 2.356E-12
 2.355E-12
 2.340E-12
 2.310E-12
 2.268E-12
 2.215E-12
 2.152E-12
 2.081E-12
 2.003E-12
 1.921E-12
 1.834E-12
 1.745E-12
 1.655E-12
 1.564E-12
 1.474E-12
 1.385E-12
 1.298E-12
 1.214E-12
 1.133E-12
 1.057E-12
 9.854E-13
 9.213E-13
 8.668E-13
 8.259E-13
 8.039E-13
 8.089E-13
 8.514E-13
 9.450E-13
 1.107E-12
 1.356E-12
 1.708E-12
 2.186E-12
 2.823E-12
 3.640E-12
 4.653E-12
 5.872E-12
 7.299E-12
 8.927E-12
 1.074E-11
 1.272E-11
 1.482E-11
 1.702E-11
 1.926E-11
 2.150E-11
 2.369E-11
 2.578E-11
 2.773E-11
 2.950E-11
 3.105E-11
 3.236E-11
 3.342E-11
 3.420E-11
 3.475E-11
 3.508E-11
 3.523E-11
 3.522E-11
 3.509E-11
 3.486E-11
 3.455E-11
 3.417E-11
 3.372E-11
 3.323E-11
 3.268E-11
 3.207E-11
 3.139E-11
 3.065E-11
 2.980E-11
 2.884E-11
 2.775E-11
 2.656E-11
 2.526E-11
 2.389E-11
 2.247E-11
] def doit
0 0.7 0 SRGB
  3.353  0.102 8.063E-14 QQ
  4.603  0.045 2.831E-13 QQ
/ft [
 2.082E-13
 2.206E-13
 2.315E-13
 2.407E-13
 2.481E-13
 2.536E-13
 2.572E-13
 2.589E-13
 2.589E-13
 2.572E-13
 2.539E-13
 2.493E-13
 2.434E-13
 2.365E-13
 2.287E-13
 2.202E-13
 2.111E-13
 2.016E-13
 1.918E-13
 1.819E-13
 1.719E-13
 1.620E-13
 1.522E-13
 1.426E-13
 1.333E-13
 1.244E-13
 1.158E-13
 1.076E-13
 9.992E-14
 9.280E-14
 8.635E-14
 8.078E-14
 7.635E-14
 7.345E-14
 7.262E-14
 7.457E-14
 8.021E-14
 8.992E-14
 1.048E-13
 1.275E-13
 1.593E-13
 2.016E-13
 2.556E-13
 3.221E-13
 4.016E-13
 4.940E-13
 5.986E-13
 7.141E-13
 8.385E-13
 9.696E-13
 1.104E-12
 1.239E-12
 1.371E-12
 1.497E-12
 1.613E-12
 1.717E-12
 1.807E-12
 1.879E-12
 1.934E-12
 1.970E-12
 1.988E-12
 1.989E-12
 1.973E-12
 1.943E-12
 1.901E-12
 1.847E-12
 1.785E-12
 1.716E-12
 1.642E-12
 1.564E-12
 1.484E-12
 1.403E-12
 1.321E-12
 1.241E-12
 1.163E-12
 1.086E-12
 1.011E-12
 9.397E-13
 8.707E-13
 8.047E-13
] def doit
0 0 1 SRGB
  3.353  0.161 1.306E-13 QQ
  4.603  0.054 6.367E-13 QQ
/ft [
 3.133E-13
 3.320E-13
 3.484E-13
 3.623E-13
 3.734E-13
 3.816E-13
 3.870E-13
 3.897E-13
 3.896E-13
 3.870E-13
 3.822E-13
 3.752E-13
 3.664E-13
 3.559E-13
 3.442E-13
 3.314E-13
 3.177E-13
 3.034E-13
 2.886E-13
 2.737E-13
 2.587E-13
 2.438E-13
 2.290E-13
 2.147E-13
 2.007E-13
 1.872E-13
 1.743E-13
 1.620E-13
 1.505E-13
 1.400E-13
 1.306E-13
 1.228E-13
 1.170E-13
 1.142E-13
 1.153E-13
 1.219E-13
 1.357E-13
 1.578E-13
 1.906E-13
 2.385E-13
 3.043E-13
 3.907E-13
 4.998E-13
 6.333E-13
 7.920E-13
 9.756E-13
 1.183E-12
 1.411E-12
 1.656E-12
 1.913E-12
 2.177E-12
 2.441E-12
 2.699E-12
 2.945E-12
 3.171E-12
 3.374E-12
 3.548E-12
 3.690E-12
 3.798E-12
 3.869E-12
 3.906E-12
 3.907E-12
 3.877E-12
 3.817E-12
 3.731E-12
 3.623E-12
 3.495E-12
 3.353E-12
 3.198E-12
 3.035E-12
 2.867E-12
 2.695E-12
 2.524E-12
 2.354E-12
 2.187E-12
 2.026E-12
 1.870E-12
 1.720E-12
 1.578E-12
 1.443E-12
] def doit
0 setgray
  3.353  0.092 2.932E-13 QQ
  4.603  0.132 1.215E-12 QQ
/ft [
 6.814E-13
 7.222E-13
 7.579E-13
 7.880E-13
 8.121E-13
 8.301E-13
 8.418E-13
 8.476E-13
 8.474E-13
 8.419E-13
 8.312E-13
 8.161E-13
 7.969E-13
 7.742E-13
 7.487E-13
 7.207E-13
 6.910E-13
 6.599E-13
 6.278E-13
 5.953E-13
 5.627E-13
 5.302E-13
 4.982E-13
 4.670E-13
 4.366E-13
 4.075E-13
 3.797E-13
 3.536E-13
 3.298E-13
 3.087E-13
 2.916E-13
 2.797E-13
 2.752E-13
 2.810E-13
 3.007E-13
 3.390E-13
 4.012E-13
 4.914E-13
 6.155E-13
 7.843E-13
 1.004E-12
 1.279E-12
 1.613E-12
 2.007E-12
 2.460E-12
 2.967E-12
 3.521E-12
 4.113E-12
 4.729E-12
 5.358E-12
 5.984E-12
 6.591E-12
 7.166E-12
 7.694E-12
 8.163E-12
 8.563E-12
 8.886E-12
 9.128E-12
 9.287E-12
 9.363E-12
 9.360E-12
 9.284E-12
 9.142E-12
 8.941E-12
 8.689E-12
 8.395E-12
 8.066E-12
 7.712E-12
 7.338E-12
 6.952E-12
 6.560E-12
 6.167E-12
 5.778E-12
 5.394E-12
 5.020E-12
 4.656E-12
 4.305E-12
 3.968E-12
 3.646E-12
 3.340E-12
] def doit
1 0 0 SRGB
  3.353  0.112 8.583E-14 QQ
  4.603  0.082 3.145E-13 QQ
/ft [
 2.239E-13
 2.373E-13
 2.491E-13
 2.589E-13
 2.669E-13
 2.728E-13
 2.767E-13
 2.785E-13
 2.785E-13
 2.767E-13
 2.732E-13
 2.682E-13
 2.619E-13
 2.544E-13
 2.460E-13
 2.369E-13
 2.271E-13
 2.168E-13
 2.063E-13
 1.956E-13
 1.849E-13
 1.742E-13
 1.637E-13
 1.534E-13
 1.434E-13
 1.338E-13
 1.245E-13
 1.157E-13
 1.074E-13
 9.966E-14
 9.261E-14
 8.644E-14
 8.142E-14
 7.794E-14
 7.656E-14
 7.807E-14
 8.346E-14
 9.319E-14
 1.086E-13
 1.325E-13
 1.668E-13
 2.131E-13
 2.730E-13
 3.478E-13
 4.384E-13
 5.450E-13
 6.672E-13
 8.040E-13
 9.534E-13
 1.113E-12
 1.279E-12
 1.449E-12
 1.618E-12
 1.782E-12
 1.937E-12
 2.080E-12
 2.208E-12
 2.317E-12
 2.405E-12
 2.472E-12
 2.516E-12
 2.538E-12
 2.538E-12
 2.518E-12
 2.478E-12
 2.421E-12
 2.349E-12
 2.265E-12
 2.170E-12
 2.067E-12
 1.958E-12
 1.845E-12
 1.731E-12
 1.616E-12
 1.502E-12
 1.390E-12
 1.282E-12
 1.178E-12
 1.079E-12
 9.846E-13
] def doit
0 0.7 0 SRGB
  3.353  0.073 3.784E-12 QQ
  4.603  0.054 2.077E-11 QQ
/ft [
 6.157E-12
 6.525E-12
 6.848E-12
 7.120E-12
 7.338E-12
 7.500E-12
 7.607E-12
 7.658E-12
 7.657E-12
 7.607E-12
 7.511E-12
 7.374E-12
 7.200E-12
 6.996E-12
 6.765E-12
 6.512E-12
 6.243E-12
 5.962E-12
 5.673E-12
 5.379E-12
 5.084E-12
 4.791E-12
 4.502E-12
 4.220E-12
 3.946E-12
 3.683E-12
 3.433E-12
 3.200E-12
 2.989E-12
 2.806E-12
 2.663E-12
 2.576E-12
 2.566E-12
 2.663E-12
 2.906E-12
 3.341E-12
 4.024E-12
 4.995E-12
 6.314E-12
 8.082E-12
 1.035E-11
 1.318E-11
 1.657E-11
 2.055E-11
 2.509E-11
 3.013E-11
 3.561E-11
 4.142E-11
 4.743E-11
 5.353E-11
 5.954E-11
 6.534E-11
 7.077E-11
 7.571E-11
 8.003E-11
 8.367E-11
 8.654E-11
 8.861E-11
 8.986E-11
 9.030E-11
 8.997E-11
 8.892E-11
 8.721E-11
 8.491E-11
 8.211E-11
 7.890E-11
 7.535E-11
 7.155E-11
 6.758E-11
 6.351E-11
 5.940E-11
 5.530E-11
 5.127E-11
 4.735E-11
 4.356E-11
 3.993E-11
 3.649E-11
 3.323E-11
 3.018E-11
 2.733E-11
] def doit
0 0 1 SRGB
  3.353  0.045 3.633E-13 QQ
  4.603  0.063 1.607E-12 QQ
/ft [
 7.745E-13
 8.209E-13
 8.615E-13
 8.957E-13
 9.231E-13
 9.435E-13
 9.569E-13
 9.634E-13
 9.633E-13
 9.569E-13
 9.448E-13
 9.276E-13
 9.058E-13
 8.800E-13
 8.510E-13
 8.192E-13
 7.854E-13
 7.500E-13
 7.136E-13
 6.767E-13
 6.396E-13
 6.027E-13
 5.663E-13
 5.307E-13
 4.962E-13
 4.629E-13
 4.311E-13
 4.011E-13
 3.732E-13
 3.479E-13
 3.262E-13
 3.092E-13
 2.989E-13
 2.976E-13
 3.090E-13
 3.374E-13
 3.882E-13
 4.653E-13
 5.751E-13
 7.296E-13
 9.362E-13
 1.201E-12
 1.530E-12
 1.926E-12
 2.390E-12
 2.918E-12
 3.506E-12
 4.145E-12
 4.823E-12
 5.525E-12
 6.236E-12
 6.938E-12
 7.613E-12
 8.246E-12
 8.819E-12
 9.322E-12
 9.741E-12
 1.007E-11
 1.031E-11
 1.044E-11
 1.049E-11
 1.044E-11
 1.032E-11
 1.011E-11
 9.846E-12
 9.523E-12
 9.153E-12
 8.747E-12
 8.314E-12
 7.863E-12
 7.401E-12
 6.935E-12
 6.472E-12
 6.017E-12
 5.574E-12
 5.145E-12
 4.734E-12
 4.342E-12
 3.971E-12
 3.622E-12
] def doit
