  Monte Carlo Markov Chain -         100  burnt
 1.93097  0.65348 -1.22159  3.85015  5.28259 -0.74238  2.30182  1.52448 -1.28187  0.32621        332.13129    1
 2.74474  0.21044 -2.74167  3.85015  2.14622 -0.51623 -0.44283  1.61036  0.39039  0.21611        253.43338    1
 0.84077  0.69049 -0.98245  3.85015  4.24931 -0.04817 -3.43461  1.90185  0.86210 -1.17567        528.37415    1
 1.44622 -1.26062 -1.32417  3.85015  3.35837 -1.09949 -0.00243  1.66084 -0.18914  0.28729        481.41345    1
 3.98816 -0.74648 -0.07074  3.85015  5.80871  0.71111 -0.37164  1.52800 -2.16214 -0.83204       3013.03564    1
 2.47785  0.28129 -0.38037  3.85015  1.63166 -0.09635  2.16537  1.79056 -0.58029  0.84848       1256.51331    1
 5.54495  0.08089 -0.21382  3.85015  2.66299 -0.97567 -2.73786  1.55527  0.50252 -3.02642        428.97964    1
 1.50255  0.57413 -0.67740  3.85015  4.87582 -1.08294  0.93550  2.23885  2.53923 -2.13087        481.36945    1
 3.38540 -0.98380 -0.89073  3.85015  4.54069 -0.13445  0.34346  0.94899 -4.24560 -0.77723        469.64737    1
 3.03260 -1.27889 -1.21892  3.85015  2.58073  0.47309  2.08380  0.84850  0.88971 -0.73564       1350.09216    1
 0.36938 -0.53096 -0.39627  3.85015  6.95446  0.03918 -0.46356  0.31684  0.71529 -7.05245        477.73727    1
 6.04456 -0.69937 -0.71051  3.85015  4.26798  0.29275 -3.74405  3.36487  1.09441  2.29576       3841.10205    1
 5.42844  0.01044 -0.89995  3.85015  5.19853  0.01102 -2.34429  1.89529 -1.31111 -0.50073        725.01447    1
 5.09196 -0.47290 -0.20667  3.85015  5.04501  0.68873  0.28157  1.98026 -1.19214 -2.03085       4175.42041    1
 5.88509 -0.91849 -1.26965  3.85015  2.98682 -1.21990 -0.78329  1.95238  1.20904 -1.88609        541.49719    1
 4.18956  0.51709 -0.43879  3.85015  6.42337  0.08601  2.11471  3.38824 -3.57487  2.54873       3762.13208    1
 3.35215  0.46564 -1.05523  3.85015  2.89832 -0.65893 -1.21747  3.15204  3.34439  2.43942        501.85107    1
 5.87327 -0.12136 -0.26633  3.85015  4.07429 -0.01680 -0.71424  1.03488 -0.46759  1.75846        444.98297    1
 5.40714  0.46758 -0.11742  3.85015  5.64010 -0.60973 -0.37330  1.44195  2.32048 -1.38367        348.22485    1
 4.91930  0.28858 -0.91026  3.85015  6.17555  0.04187  0.98146  1.31743 -1.70825  0.16843        678.84827    1
 1.22168  0.68855 -0.42532  3.85015  6.85949  0.08145 -0.98678  1.53884 -2.56324  1.08722        891.90735    1
 3.34700 -0.02928 -0.59306  3.85015  6.68965  0.61354  2.07296  1.40123  0.34507 -2.11829       2570.66577    1
 3.08154 -0.66978 -0.29858  3.85015  5.27857 -0.54068  1.28402  1.52696 -0.12491  0.49084        296.95642    1
 5.10098  0.25599 -1.75253  3.85015  7.71921 -0.27564  0.72317  2.01483 -0.63980 -1.18936        408.28525    1
 4.09311 -0.95800 -0.89419  3.85015  5.54355 -0.34282  1.79775  1.49489 -0.88371  0.52288        206.15413    1
 4.43574  0.36263 -1.87589  3.85015  6.46684 -0.51095  0.19887  1.83304  0.65738 -0.73890        329.81226    1
 4.45819  1.03087 -0.95902  3.85015  4.04156  0.21554 -2.38737  2.66390 -0.72730  1.35355       1631.47559    1
 4.08033  0.83406 -1.48106  3.85015  5.48059  0.45642 -1.23412  1.50236 -2.82752 -1.54315       1169.21277    1
 0.69867 -0.64745 -0.77798  3.85015  2.00707 -0.05917  1.98988  1.24305 -4.11203 -1.19306        457.26596    1
 3.59657 -0.57546 -0.10630  3.85015  4.25496 -0.95300 -2.09767  2.35770 -0.05363  0.14516        398.93497    1
 4.57478 -0.90491 -0.14220  3.85015  2.80441 -0.56037 -1.30361  1.74520 -0.55313 -5.63857        356.64011    1
 0.09966  0.64470 -0.44191  3.85015  5.35274  0.67086  3.31200  1.84724 -0.36721 -2.23439       3155.40283    1
 5.41384  0.49174 -2.01548  3.85015  6.17614 -0.14328  0.63369  1.58437 -0.57786  0.67295        353.26590    1
 4.65406  0.22633 -1.94769  3.85015  3.29328 -0.02391 -1.52410  1.54061  1.61601  1.94919        585.42078    1
 4.28961 -0.27776 -0.61449  3.85015  4.09986 -0.52368 -2.00854  0.75992 -1.36138  0.03021        265.36432    1
 4.16149  0.81409 -0.65336  3.85015  3.84658 -0.04604 -1.98100  1.96957  0.24713  0.79811        630.95740    1
 1.44156 -0.19081 -1.21033  3.85015  5.90051  0.00114  0.91687  1.28898  0.77419 -1.66277        867.45996    1
 0.94328 -0.76681 -0.81437  3.85015  3.20940 -0.35930 -1.28473  2.75455  2.31242 -0.52501        623.84583    1
 3.51340 -0.30218 -2.83709  3.85015  4.40481  0.77290  1.85210  2.26704  1.14283  0.17390       3334.37988    1
 0.23501 -0.65578 -1.30099  3.85015  6.62277 -0.09185  0.29710  1.60577 -0.47759 -1.68436        304.51868    1
 1.10009 -0.45796 -0.92633  3.85015  7.05639 -0.22766  0.27661  1.59080  0.46843 -1.02917        324.88629    1
 1.59586  1.19447 -1.10544  3.85015  6.28060 -0.29975 -0.77930  1.49205 -0.48682 -1.22317        292.97510    1
 4.82631  0.25440 -0.38183  3.85015  7.21414 -0.58342  0.10873  1.64431 -1.26006  0.89301        318.79501    1
 5.89548  0.91234 -0.01220  3.85015  6.19294  0.06130 -0.13434  1.99927  0.28527  1.97064        998.24579    1
 5.40489 -0.49114 -2.72717  3.85015  6.81928 -0.78240  0.49335  1.51329  0.96040 -0.46338        499.66769    1
 4.43388 -0.83122 -0.30309  3.85015  7.48808 -1.28530 -0.89843  1.55752  0.74016  1.94165        538.76642    1
 2.79760  1.01299 -3.33047  3.85015  8.66417  0.30298  1.70546  1.76235  2.29377 -0.49866        374.86462    1
 1.62037 -0.03772 -0.76630  3.85015  3.23747 -0.42180  2.25151  2.21608  3.53251 -1.37456        551.19946    1
 2.69482 -0.84032 -1.07005  3.85015  3.04603 -0.35239  0.56018  2.75229  1.13103 -2.05563        525.97449    1
 0.77020  0.09830 -0.25377  3.85015  6.60874 -0.17827  0.61357  3.20299  1.74260  0.00872       1705.91089    1
 4.53099  0.92438 -0.07768  3.85015  4.19348  0.03821  1.68853  1.49595 -2.70737 -0.34809        750.40704    1
 5.54618  0.15513 -0.61741  3.85015  7.69372  0.22947  1.37220  2.14200 -0.68535 -0.25212       1347.36133    1
 0.95042 -0.65787 -0.79284  3.85015  2.87704  0.01588  0.43950  1.60622  1.08834  0.18494        598.59619    1
 4.21887  0.18587 -0.09055  3.85015  4.50991 -0.14352  3.52512  1.78367  0.95018 -2.08987        626.11273    1
 1.73062 -0.33385 -0.35604  3.85015  3.37533 -0.28209  1.94562  1.43056  0.83136 -2.66010        554.81433    1
 4.11597 -0.66075 -0.27269  3.85015  3.80072  0.09124 -1.89084  2.37861 -0.63474 -0.58563       1232.28784    1
 0.04807 -0.39725 -3.09118  3.85015  6.64125 -0.22715  1.16047  1.38598  0.17272  2.16022        375.79852    1
 4.34967 -0.00517 -1.39470  3.85015  6.26153  0.47239 -1.81276  1.68664 -1.98703  0.57000       2003.23596    1
 2.05270  1.23078 -0.47058  3.85015  3.35986 -0.62800 -0.36717  1.45961 -0.97710  5.87572        305.10114    2
 0.44744 -0.86438 -2.36673  3.85015  5.25436  0.11361  3.12887  3.23193  3.09507 -1.27623        738.79675    1
 5.79475 -0.71927 -0.21509  3.85015  7.28640 -0.11606  0.64289  1.22419  1.66056 -0.60709        365.98172    2
 3.71891  0.52973 -0.54538  3.85015  2.17280  0.00269 -0.23159  1.76993  0.50208  0.44975        656.78632    2
 5.94214 -0.69469 -2.15417  3.85015  3.12409 -0.30171 -0.99709  2.91096 -0.29648  1.07604        327.66025    1
 3.25226 -0.43829 -0.72240  3.85015  6.43772 -0.51028 -0.61473  1.92915  0.56557 -0.91025        316.86322    2
 1.69795 -0.63813 -0.35462  3.85015  3.02333 -0.23034  0.58106  2.82589  0.39866  1.49077       1024.61584    1
 0.13646  1.31015 -0.03066  3.85015  6.23338 -0.43484  0.21748  1.72309 -1.75035  2.26554        346.98755    2
 4.92831  0.08232 -0.69898  3.85015  2.18380 -0.85245  0.27176  1.45313  0.20567  0.36184        401.06143    1
 5.25895  0.50450 -1.53114  3.85015  5.69355 -0.90912  1.30836  1.65250  2.93453 -3.33040        441.20645    2
 5.55714 -0.89074 -0.45341  3.85015  1.83655 -0.39660 -3.32178  2.04999  0.07351 -3.53484        422.27716    2
 1.39733 -0.55685 -0.41242  3.85015  3.81976 -0.47569 -1.43668  2.07771  4.49367  2.11029        376.34756    2
 3.86713 -0.47809 -1.72097  3.85015  6.99681 -1.78716 -0.76018  1.90511  1.32960  4.98915        589.76990    2
 2.35298  0.96981 -0.68505  3.85015  5.05523 -0.31174 -0.27677  2.50475 -4.80524  0.23632        551.24103    2
 4.68748  0.16965 -0.60616  3.85015  3.52218  0.03904 -0.83893  1.23314  0.62406 -1.00325        676.88312    1
 4.76375  0.98671 -1.48362  3.85015  5.38610  0.00793 -5.86087  1.53256  3.85740 -0.38015        380.27274    2
 2.69028 -0.95288 -1.67148  3.85015  3.42276 -0.46787  1.35464  2.10325 -0.86732  8.28334        219.99370    2
 4.34315  0.07318 -0.86211  3.85015  4.15938 -1.41320  0.00712  1.92352  0.66597  0.06507        540.04260    2
 0.84071  0.69045 -0.98126  3.85015  4.24708 -0.04878 -3.43221  1.90151  0.85738 -1.17596        527.73926    1
 3.23578  0.59276 -0.71430  3.85015  7.40583 -0.51898  1.05127  3.13147  0.19963  1.04258        705.27954    2
 1.91872 -1.05781 -1.17150  3.85015  3.07906 -0.93722  0.34823  1.68182 -0.25241  0.37807        437.98318    1
 1.70057 -0.72202 -0.15092  3.85015  0.05645 -0.14377  4.15693  1.74431 -0.25755  1.44432       1129.86328    1
 0.51971  0.16822 -2.46272  3.85015  5.22127  0.14642 -1.25719  1.18356  0.15486 -1.09392        499.93686    2
 6.06244 -0.29866 -0.11782  3.85015  2.08193 -0.19236 -2.03843  0.88161 -0.12508  4.05924        290.18442    2
 5.34065 -0.46642 -0.95282  3.85015  4.82386 -0.04094 -2.18704  1.72452 -0.66441 -0.33355        493.58997    1
 5.41821 -0.65293 -1.75942  3.85015  6.76020 -0.28943 -2.30062  1.00725 -1.37882  0.45387        301.16760    2
 6.03018 -0.99535 -1.02944  3.85015  3.99285 -0.95611 -0.85082  1.85153  0.92567 -2.12833        492.55759    1
 2.86422 -0.72383 -2.80609  3.85015  6.47272 -1.03323  2.13752  1.99981 -2.78532 -0.43611        506.36484    2
 3.87107  0.96081 -0.00548  3.85015  7.17305  0.06180  0.47412  1.45794  1.18851  0.28455        631.27155    2
 5.16822  1.05608 -0.31470  3.85015  6.90898 -0.55699 -1.08927  0.77025 -0.66930 -1.28186        407.78961    2
 1.36513  1.39323 -0.69273  3.85015  2.62124 -1.11366  0.34616  1.67961 -3.42342 -1.29875        463.13483    2
 3.15541 -1.30207 -0.91428  3.85015  5.75621 -0.67611  1.04724  1.62027 -1.10511 -0.69224        377.02621    2
 4.31550  0.28602 -0.44782  3.85015  6.53090 -0.09863  3.22734  2.75536 -2.26514  1.43128       1250.31165    1
 5.22116  0.47747 -0.44573  3.85015  5.79445 -0.59129 -0.26648  1.51497  2.00998 -1.26329        333.34744    1
 5.70867 -0.81155 -2.59988  3.85015  7.75675 -0.17563 -0.93753  2.47831 -0.24931  0.79894        360.20105    2
 4.79448  0.89179 -1.08202  3.85015  7.55966  0.08387  0.26319  1.22088 -2.03640 -0.12017        317.36929    1
 5.97343  0.30423 -2.38598  3.85015  3.91619 -0.73624  2.12306  2.40499  0.64512  2.63651        405.65961    2
 3.96346 -0.57713 -1.12805  3.85015  5.84033 -0.26506  1.95049  1.34270 -0.47403  0.79560        203.06421    1
 4.26395  0.20608 -1.07211  3.85015  4.18152  0.06216 -1.44643  2.59925 -0.84088  1.34430       1117.21826    1
 3.57675 -0.92575 -0.93789  3.85015  4.57384 -0.19014  1.39220  1.24375 -2.49989 -0.09739        140.02731    2
 4.02879  0.81094 -1.50340  3.85015  5.51023  0.44888 -1.24135  1.50552 -2.91983 -1.43543       1134.47595    1
 4.31112 -0.51948 -0.34630  3.85015  4.75496 -0.32153  0.93319  2.00576 -0.47656 -0.51515        414.01953    2
 0.00635  1.40807 -1.01448  3.85015  3.13787 -0.23874  1.47665  1.70522 -1.04425 -1.74575        226.71481    2
 1.83514 -1.32673 -0.02237  3.85015  3.40052 -0.87673  0.71286  1.82191  0.49084 -3.15532        410.21143    2
 3.96151  1.36881 -0.46855  3.85015  5.50146  0.78151  4.36563  1.45856 -1.75314 -0.66585       2705.01318    2
 4.34470 -0.52816 -1.00690  3.85015  7.60160 -0.76433 -0.44247  0.95431 -3.88535 -1.43774        402.41937    2
 4.75901  0.42689 -0.40365  3.85015  3.24173 -0.37768 -0.94397  1.11115 -0.68782 -0.19621        246.69881    1
 1.26729  0.02441 -3.92426  3.85015  2.55510  0.34988 -1.72359  2.42161 -0.08596  0.02178       4006.31787    2
 0.87305 -0.00993 -1.59814  3.85015  5.24594 -0.24210  1.31476  1.65712  0.73161 -0.24456        268.57349    1
 0.97304  1.33502 -0.47157  3.85015  7.59553 -1.08699  2.27774  1.57584  1.43636  5.13647        532.31921    2
 4.65643 -0.29037 -0.87259  3.85015  3.38263  0.29968  0.61493  2.71338  1.68019 -0.37258       2139.28394    2
 3.56576 -0.62003 -0.90490  3.85015  3.29496 -0.83102  1.01408  1.43833  0.84289  0.93886        376.81912    2
 5.85401  0.15174 -3.21202  3.85015  4.09499  0.13919  1.38576  1.87204  1.48472 -0.57343        704.00201    2
 0.43435  1.10177 -1.17626  3.85015  8.59134 -0.99957  0.07500  4.10432 -1.13914  0.32407        579.22168    2
 2.24601 -0.05616 -3.56178  3.85015  3.16616 -0.16260 -6.27688  1.54816 -0.91036 -0.26610       2002.68030    2
 5.74459  0.08931 -2.20891  3.85015  5.66619 -0.63909  0.26736  1.64799  0.91723  1.01204        402.06799    1
 4.28281 -1.23172 -0.76440  3.85015  6.14816 -0.83828 -0.17727  1.95854 -0.08603  1.66409        428.58444    1
 3.11915 -1.13882 -2.50118  3.85015  3.33079  0.77446 -0.04659  1.41036 -0.93446  7.41071       3903.17017    2
 3.89813 -0.65236 -0.19837  3.85015  3.19222 -1.17372 -1.62160  1.34981  0.94928 -0.60326        475.25809    2
 2.46212  0.60900 -1.83832  3.85015  5.52038  0.05730 -3.39438  2.16331  1.74234 -0.10813        756.99799    2
 0.54333 -0.08329 -0.30019  3.85015  6.55865 -0.19083  0.77425  3.13039  1.33134  0.13583       1513.38538    1
 4.80346  0.17480 -2.97406  3.85015  4.60082  0.84266 -1.17215  1.44702  2.94373  4.13013       4544.72607    2
 4.13346  0.94243 -0.27435  3.85015  3.79874 -0.01959  1.12933  1.56678 -2.38688 -0.23834        573.06329    1
 5.78530 -1.06214 -0.72834  3.85015  5.10924 -0.03241  1.51824  1.76699 -0.40787 -2.82207        435.52206    2
 4.39530 -0.42987 -0.66490  3.85015  6.16508 -0.28947  2.03661  2.55999 -1.89975  1.13445        573.37286    2
 0.80210  0.65448 -0.10997  3.85015  2.62256 -0.49067 -1.68126  1.65204 -2.58615 -1.38786        278.07922    2
 0.76393 -0.61687 -0.84556  3.85015  3.07816 -0.05017  0.50154  1.60953  1.22017 -0.06608        469.04233    1
 4.62988  0.24936 -0.49658  3.85015  4.71724 -0.13322  2.78462  1.73490  0.67262 -1.42562        569.97186    1
 5.98422  0.02419 -0.91499  3.85015  5.41461  0.03084  1.08720  1.87848 -1.18036 -3.41640        774.78204    2
 0.36669 -0.72355 -0.32265  3.85015  5.33182 -0.57885  0.42993  1.56043  2.18437  0.19526        340.39398    2
 1.01901 -0.44782 -0.67752  3.85015  6.56228 -0.08307  1.49837  1.41347 -0.36085 -1.15001        392.63190    2
 3.38763  0.74045 -1.33006  3.85015  7.33240 -0.44245  0.05719  1.80797 -0.07835  0.59496        397.55020    2
 4.18037  0.20596 -2.36257  3.85015  6.60074 -0.48646 -3.64190  1.67132 -4.74879 -1.60461        397.00351    2
 0.69744  0.28903 -2.37318  3.85015  3.91566 -0.74165  0.06913  2.10696 -4.87835 -1.23280        368.65344    2
 3.85564 -0.88676 -1.63203  3.85015  2.82937 -0.25064  2.74042  1.47137 -2.04812 -0.31619        116.00181    2
 1.06873 -1.17949 -1.56284  3.85015  5.33278  0.05075  2.00999  2.37074 -0.06097 -0.84485        525.51697    1
 4.78388 -1.15747 -0.09126  3.85015  3.43196 -1.01942  2.97853  2.52054 -2.15865  2.24687        365.96515    3
 5.03835 -0.74898 -0.17267  3.85015  7.64917 -0.07879  0.57741  0.27400  1.82467 -0.97741        308.10684    1
 3.56629  0.11087 -0.57418  3.85015  2.52149 -0.07357 -0.01777  1.92538  0.88211  1.02839        591.60809    1
 1.77380 -0.64777 -0.41736  3.85015  3.02252 -0.23552  0.56549  2.78646  0.36489  1.44447        931.00928    1
 4.84038  0.49689 -1.30292  3.85015  5.97760  0.02546  0.68498  2.30791 -0.28451 -1.47798        854.46552    2
 4.54342 -1.43554 -1.39338  3.85015  4.83209  0.18445 -0.60390  2.35525  0.47279 -0.03891        876.00531    2
 4.16792  0.76110 -0.43394  3.85015  3.70991  0.08644  0.03498  2.31909  0.38381 -2.71104       1433.25366    2
 5.38018  0.59217 -1.48003  3.85015  5.55912 -0.82916  0.86777  1.67564  2.74148 -3.13016        423.90625    1
 3.54478  0.53745 -1.69681  3.85015  3.64518  0.15612 -2.62497  1.37661 -0.42726 -2.51238        433.59360    3
 3.30326 -0.46423 -0.35802  3.85015  2.99022 -0.40619 -0.61678  2.12598 -1.20525  0.64422        409.51968    2
 5.32391 -0.69136 -0.01110  3.85015  4.18132 -0.24597 -2.02004  2.04054 -2.64957  2.76206        575.69891    3
 4.05406 -0.39717 -1.61434  3.85015  6.42587 -1.57657 -0.63176  1.98190  1.11950  4.45205        580.71454    1
 4.64015  0.18239 -0.76297  3.85015  3.49372  0.02235 -0.91026  1.27357  0.76252 -0.71805        630.49890    1
 4.56968  1.42063 -1.00446  3.85015  4.41105 -0.30387 -3.32235  1.48811  1.64899  2.59946        260.31619    1
 4.39424  0.02510 -0.91258  3.85015  2.84221 -1.20382 -1.21448  1.68125  0.09571 -1.47289        491.79944    1
 0.83768  0.69301 -0.98191  3.85015  4.25059 -0.04863 -3.42386  1.90234  0.85507 -1.17657        525.91827    1
 4.76453 -0.88630 -0.50433  3.85015  6.30933 -0.16577  1.78435  2.42908 -0.58557 -1.74128        659.24890    3
 3.91695 -1.40604 -0.12547  3.85015  5.59045  0.42665 -0.20168  1.43442 -1.59489 -1.79196       1197.25903    2
 1.46856 -0.47633 -0.18516  3.85015  1.09061 -0.22731  3.34101  1.60961 -0.13404  0.05022        673.47119    1
 1.26719 -0.16850 -0.10723  3.85015  5.71083 -0.46665 -2.88863  1.62319  2.12935  1.85181        415.49997    3
 2.71363 -1.26414 -1.18097  3.85015  5.28552 -0.19324 -0.01488  0.96937 -3.06952 -1.42804        206.60315    2
 0.27808 -0.00630 -2.28327  3.85015  5.51467  0.03416 -1.15677  1.15531 -0.34314 -1.13630        254.40265    1
 0.33816 -1.35293 -2.27349  3.85015  2.83659 -0.38043  1.36907  1.18638  1.70642 -3.27930        405.46243    3
 1.61621 -1.27295 -1.43277  3.85015  2.82805  0.24803  1.71054  1.08165 -0.17894 -0.82775        720.33533    2
 4.75841 -0.75252 -0.63866  3.85015  5.41770  0.35755  1.48444  1.94342 -0.59550 -1.16812       1420.46118    2
 5.97210 -1.21193 -0.99945  3.85015  4.45210 -0.88318 -0.35648  1.79130  0.39677 -1.75431        468.96918    1
 2.86931 -0.72270 -2.81757  3.85015  6.48931 -1.03706  2.14508  1.99603 -2.80046 -0.44514        507.16913    1
 2.95887  0.33663 -3.13780  3.85015 -0.40956 -0.29597 -2.88960  0.28126 -4.87003  4.49816        894.62366    3
 5.69101 -1.00122 -2.34638  3.85015  7.31525 -0.17878 -0.77269  2.20873 -0.75315  0.40108        331.90598    1
 3.67835  0.81677 -1.97449  3.85015  6.91451  0.01640  2.50333  0.79184  1.00879  1.78270        331.31741    3
 3.30673  0.13439 -0.58678  3.85015  6.43834  0.56934  2.20633  1.42726  0.30111 -1.92118       1865.77795    2
 3.34830 -0.90557 -1.65510  3.85015  6.29462 -0.42169  4.31475  1.85673  0.80837  0.86183        314.64493    3
 4.17777 -0.62017 -0.36167  3.85015  3.41299 -0.40003 -0.93769  2.32346  3.41846 -2.42494        499.89938    3
 1.04122 -0.47575 -0.83849  3.85015  6.36577  0.43823  3.32708  1.22821 -0.22981  2.80337       1131.51697    3
 3.45284 -0.95083 -0.48839  3.85015  3.95879  0.47551 -1.16921  1.44570  1.50914  0.34163       1788.97498    3
 4.28024 -0.51649 -0.97410  3.85015  7.43809 -0.74592 -0.43611  0.96869 -3.68151 -1.55096        392.64291    1
 3.27648 -0.41563 -0.84761  3.85015  3.42350 -0.57195 -0.87927  1.38352 -1.85643 -3.92573        259.05576    3
 3.41521  0.78413 -0.05999  3.85015  7.33553 -0.64395 -5.06472  3.58824 -2.61330  0.58881       1236.92529    3
 3.51885 -0.33991 -2.60800  3.85015  4.27322  0.58274  1.75274  2.16879  1.10726  0.26459       2237.38281    2
 3.90200  0.55688 -0.40938  3.85015  5.34321 -0.69269 -0.52720  1.97152  3.96735  0.70334        363.01437    3
 6.19249 -0.55384 -1.57129  3.85015  7.47544  0.02491  0.82452  1.46220 -1.98985 -2.83869        294.35272    2
 1.12398  1.25083 -0.48786  3.85015  7.53468 -1.07941  2.18182  1.61012  1.38995  4.83159        522.48926    1
 0.68559  0.14315 -0.16553  3.85015  4.96695 -0.45944 -0.54657  1.26085 -0.29728 -2.61633        307.73483    3
 0.51146  1.08097 -1.17212  3.85015  8.67675 -1.03307  0.05506  4.16302 -1.16706  0.38295        579.21881    1
 0.01449  1.17068 -5.34942  3.85015  0.88545  0.03291-10.30002  1.77236 -0.61315 -0.75156       1056.13318    1
 1.82672  1.27548 -1.22790  3.85015  6.04185 -0.30932 -0.72444  1.47766 -0.51780 -1.15674        281.04602    2
 3.68637 -0.18210 -1.07818  3.85015  2.69019 -1.29850  0.49133  1.70905  0.76420  1.54948        498.05057    3
 4.11976  0.70180 -2.76998  3.85015  6.77908 -0.56511  0.35295  1.06624  1.84633 -2.23047        474.51141    3
 6.01823  0.79863 -0.41366  3.85015  6.15351  0.02777  0.20771  1.90774  0.07972  1.79977        681.54480    2
 4.21764 -1.24048 -0.79282  3.85015  6.06006 -0.82638 -0.13158  1.96296 -0.11072  1.86662        423.47409    1
 3.77890 -0.39682 -1.25359  3.85015  2.82338 -0.60174 -0.34753  2.45592 -0.12189 -1.60405        326.53674    2
 1.13261 -0.10147 -0.63708  3.85015  6.93416 -0.76764 -1.32698  1.08458 -5.97468 -2.04782        311.94073    3
 2.44826  1.15706 -2.40906  3.85015  6.47254  0.26150 -3.65116  2.25422  1.46511  0.57500        513.02850    1
 6.24308  1.18697 -2.86964  3.85015  6.09732  1.07537 -2.87860  1.39816  5.44736  7.48450       3629.08203    1
 0.56316  0.36334 -0.08091  3.85015  3.65409 -0.46703  3.20665  1.67620 -5.90792 -0.76248        378.27527    1
 3.56405 -1.17469 -0.66309  3.85015  5.83849 -0.39639  1.72638  2.33930 -1.81737  0.06468        402.89227    1
 4.04355  0.34274 -2.79220  3.85015  2.99198 -0.43164 -0.02375  1.29378 -0.91349 -0.30809        211.19456    3
 1.57365 -0.00821 -0.06825  3.85015  3.28493 -0.30972  3.30580  1.52676  0.61059 -3.73499        558.85638    2
 2.48471 -1.04665 -0.48244  3.85015  5.43818 -0.03374  0.50624  1.21332 -4.30260 -0.26510        447.52814    3
 4.01325 -0.48614 -1.13887  3.85015  5.46503  0.29954 -1.22396  1.96686 -1.40022  0.79648       1293.43237    2
 4.66895 -0.45007 -2.48981  3.85015  6.42049 -0.40608 -1.94861  1.56834 -2.87239 -0.38298        341.97894    1
 0.77158  0.12870 -2.21393  3.85015  4.15441 -0.62692  0.54641  2.03287 -2.93218 -0.82632        315.63596    1
 3.84631 -0.28357 -0.32738  3.85015  6.09469 -1.01683 -0.48316  2.65120 -1.39447 -1.06291        401.09985    3
 0.92490 -0.70023 -1.27385  3.85015  5.50573 -0.04520  1.67468  2.25031 -0.37988 -0.23791        508.11444    1
 0.85387 -0.31020 -0.40762  3.85015  3.73774 -0.34455  0.21773  2.38428  0.63676  0.56457        573.73438    1
 1.74174  0.76618 -0.44320  3.85015  7.54862  0.18451  1.51181  1.53890 -0.36860 -0.18603       1183.33875    3
